20210104
20210105
20210106
20210107
20210108
20210111
20210112
20210113
20210114
20210115
20210118
20210119
20210120
20210121
20210122
20210125
20210126
20210127
20210128
20210129
20210201
20210202
20210203
20210204
20210205
20210208
20210209
20210210
20210217
20210218
20210219
20210222
20210223
20210224
20210225
20210226
20210301
20210302
20210303
20210304
20210305
20210308
20210309
20210310
20210311
20210312
20210315
20210316
20210317
20210318
20210319
20210322
20210323
20210324
20210325
20210326
20210329
20210330
20210331
20210401
20210402
20210406
20210407
20210408
20210409
20210412
20210413
20210414
20210415
20210416
20210419
20210420
20210421
20210422
20210423
20210426
20210427
20210428
20210429
20210430
20210505
20210506
20210507
20210510
20210511
20210512
20210513
20210514
20210517
20210518
20210519
20210520
20210521
20210524
20210525
20210526
20210527
20210528
20210531
